EXPORTED CROSS SECTION DATA
513 4 4
x coordinate
Electron QFL
Valence Band Energy
Conduction Band Energy
1.1000000000e-04 0.0000000000e+00 0.0000000000e+00 0.0000000000e+00 
8.7000000000e-04 0.0000000000e+00 0.0000000000e+00 0.0000000000e+00 
1.0110000000e-02 0.0000000000e+00 0.0000000000e+00 0.0000000000e+00 
1.0110000000e-02 -4.5922462200e-17 -8.7642214300e-01 9.2586000000e-01 
1.0490000000e-02 -4.2434680261e-17 -9.0760334303e-01 8.9467879967e-01 
1.5110000000e-02 0.0000000000e+00 -1.2868498170e+00 5.1543232758e-01 
1.5490000000e-02 0.0000000000e+00 -1.3068613724e+00 4.9542077229e-01 
2.0110000000e-02 4.2434680261e-17 -1.5502731176e+00 2.5200902618e-01 
2.0490000000e-02 4.2434680261e-17 -1.5591084768e+00 2.4317366739e-01 
2.5100000000e-02 0.0000000000e+00 -1.6666166765e+00 1.3566546315e-01 
2.5290000000e-02 3.4877819392e-18 -1.6668525091e+00 1.3542962996e-01 
2.7620000000e-02 3.4877819392e-18 -1.6697494356e+00 1.3253270813e-01 
2.7720000000e-02 3.4877819392e-18 -1.6687907016e+00 1.3349144235e-01 
2.8900000000e-02 3.4877819392e-18 -1.6571444480e+00 1.4513769510e-01 
2.8950000000e-02 0.0000000000e+00 -1.6563852118e+00 1.4589693153e-01 
2.9540000000e-02 0.0000000000e+00 -1.6471580580e+00 1.5512408348e-01 
2.9560000000e-02 0.0000000000e+00 -1.6467044397e+00 1.5557770141e-01 
2.9860000000e-02 4.2434680261e-17 -1.6411908052e+00 1.6109133319e-01 
2.9880000000e-02 4.5922462200e-17 -1.6409438065e+00 1.6133833200e-01 
3.0030000000e-02 3.4877819392e-18 -1.6379414366e+00 1.6434071019e-01 
3.0110000000e-02 2.6158364506e-18 -1.5223582949e+00 -9.9876152134e-02 
3.0110000000e-02 2.6158364506e-18 -1.5223582949e+00 -9.9876152134e-02 
3.0120000000e-02 1.7438909696e-18 -1.5222112630e+00 -9.9729120281e-02 
3.0210000000e-02 1.7438909696e-18 -1.5204239366e+00 -9.7941789482e-02 
3.0220000000e-02 -8.7194548101e-19 -1.5202796556e+00 -9.7797508849e-02 
3.0310000000e-02 2.0345394649e-17 -1.5185257520e+00 -9.6043610572e-02 
3.0320000000e-02 2.0345394649e-17 -1.5183841520e+00 -9.5902010823e-02 
3.0410000000e-02 2.0345394649e-17 -1.5166628305e+00 -9.4180690690e-02 
3.0420000000e-02 1.9473449161e-17 -1.5165238439e+00 -9.4041703568e-02 
3.0510000000e-02 1.9473449161e-17 -1.5148342728e+00 -9.2352132244e-02 
3.0520000000e-02 2.2961231100e-17 -1.5146978320e+00 -9.2215691515e-02 
3.0610000000e-02 -3.0082119180e-17 -1.5130392073e+00 -9.0557064059e-02 
3.0620000000e-02 -3.0954064668e-17 -1.5129052486e+00 -9.0423105401e-02 
3.0710000000e-02 8.7194548101e-19 -1.5112767849e+00 -8.8794640252e-02 
3.0720000000e-02 1.7438909696e-18 -1.5111452459e+00 -8.8663101227e-02 
3.0810000000e-02 1.7438909696e-18 -1.5095461856e+00 -8.7064039923e-02 
3.0820000000e-02 2.6158364506e-18 -1.5094170056e+00 -8.6934859930e-02 
3.0910000000e-02 -1.8601503680e-17 -1.5078466092e+00 -8.5364465727e-02 
3.0920000000e-02 -2.0345394649e-17 -1.5077197290e+00 -8.5237585891e-02 
3.1010000000e-02 2.2089285611e-17 -1.5061772852e+00 -8.3695143665e-02 
3.1020000000e-02 2.2961231100e-17 -1.5060526485e+00 -8.3570506842e-02 
3.1110000000e-02 1.7438909696e-18 -1.5045374642e+00 -8.2055321984e-02 
3.1120000000e-02 8.7194548101e-19 -1.5044150148e+00 -8.1932872647e-02 
3.1210000000e-02 -3.0954064668e-17 -1.5029264154e+00 -8.0444270877e-02 
3.1220000000e-02 -3.1826010149e-17 -1.5028061003e+00 -8.0323955133e-02 
3.1310000000e-02 0.0000000000e+00 -1.5013434205e+00 -7.8861281115e-02 
3.1320000000e-02 0.0000000000e+00 -1.5012251856e+00 -7.8743046589e-02 
3.1410000000e-02 -3.1826010149e-17 -1.4997878063e+00 -7.7305664206e-02 
3.1420000000e-02 -3.3569901119e-17 -1.4996716023e+00 -7.7189460019e-02 
3.1510000000e-02 -3.3569901119e-17 -1.4982588952e+00 -7.5776750990e-02 
3.1520000000e-02 -3.1826010149e-17 -1.4981446719e+00 -7.5662527737e-02 
3.1610000000e-02 -1.0608670019e-17 -1.4967560363e+00 -7.4273891613e-02 
3.1620000000e-02 -9.7367245380e-18 -1.4966437459e+00 -7.4161601271e-02 
3.1710000000e-02 -9.7367245380e-18 -1.4952785997e+00 -7.2796454606e-02 
3.1720000000e-02 -1.1480615500e-17 -1.4951681959e+00 -7.2686050528e-02 
3.1810000000e-02 -2.2089285611e-17 -1.4938259662e+00 -7.1343826510e-02 
3.1820000000e-02 -2.2089285611e-17 -1.4937174027e+00 -7.1235263361e-02 
3.1910000000e-02 -8.7194548101e-19 -1.4923975534e+00 -6.9915411071e-02 
3.1920000000e-02 0.0000000000e+00 -1.4922907876e+00 -6.9808644792e-02 
3.2010000000e-02 0.0000000000e+00 -1.4909927737e+00 -6.8510628928e-02 
3.2020000000e-02 2.6158364506e-18 -1.4908877608e+00 -6.8405616700e-02 
3.2110000000e-02 -7.9928335684e-18 -1.4896110554e+00 -6.7128917020e-02 
3.2120000000e-02 -8.8647790494e-18 -1.4895077559e+00 -6.7025617238e-02 
3.2210000000e-02 -1.9473449161e-17 -1.4882518695e+00 -6.5769728010e-02 
3.2220000000e-02 -2.2089285611e-17 -1.4881502416e+00 -6.5668100223e-02 
3.2310000000e-02 -3.2697955630e-17 -1.4869146751e+00 -6.4432529944e-02 
3.2320000000e-02 -3.0954064668e-17 -1.4868146801e+00 -6.4332534818e-02 
3.2410000000e-02 -2.0345394649e-17 -1.4855989529e+00 -6.3116805662e-02 
3.2420000000e-02 -1.9473449161e-17 -1.4855005522e+00 -6.3018404978e-02 
3.2510000000e-02 1.7438909696e-18 -1.4843041930e+00 -6.1822052425e-02 
3.2520000000e-02 -8.7194548101e-19 -1.4842073492e+00 -6.1725209008e-02 
3.2610000000e-02 -1.1480615500e-17 -1.4830299239e+00 -6.0547781381e-02 
3.2620000000e-02 -1.0608670019e-17 -1.4829346022e+00 -6.0452459100e-02 
3.2710000000e-02 -1.0608670019e-17 -1.4817756578e+00 -5.9293517291e-02 
3.2720000000e-02 -9.7367245380e-18 -1.4816818216e+00 -5.9199680990e-02 
3.2810000000e-02 8.7194548101e-19 -1.4805409425e+00 -5.8058797995e-02 
3.2820000000e-02 -8.7194548101e-19 -1.4804485577e+00 -5.7966413511e-02 
3.2910000000e-02 -8.7194548101e-19 -1.4793253187e+00 -5.6843173970e-02 
3.2920000000e-02 0.0000000000e+00 -1.4792343527e+00 -5.6752208053e-02 
3.3010000000e-02 -2.1217340130e-17 -1.4781283472e+00 -5.5646208154e-02 
3.3020000000e-02 -2.1217340130e-17 -1.4780387680e+00 -5.5556628489e-02 
3.3110000000e-02 -1.0608670019e-17 -1.4769496172e+00 -5.4467475419e-02 
3.3120000000e-02 -1.2352560989e-17 -1.4768613922e+00 -5.4379250553e-02 
3.3210000000e-02 -1.7438909696e-18 -1.4757887080e+00 -5.3306562218e-02 
3.3220000000e-02 0.0000000000e+00 -1.4757018075e+00 -5.3219661567e-02 
3.3310000000e-02 -2.1217340130e-17 -1.4746452110e+00 -5.2163066128e-02 
3.3320000000e-02 -1.9473449161e-17 -1.4745596047e+00 -5.2077459928e-02 
3.3410000000e-02 -8.8647790494e-18 -1.4735187356e+00 -5.1036595989e-02 
3.3420000000e-02 -1.0608670019e-17 -1.4734343946e+00 -5.0952255295e-02 
3.3510000000e-02 -3.1826010149e-17 -1.4724089109e+00 -4.9926770792e-02 
3.3520000000e-02 -3.1390037407e-17 -1.4723258078e+00 -4.9843667420e-02 
3.3610000000e-02 -1.5477032333e-17 -1.4713153677e+00 -4.8833220271e-02 
3.3620000000e-02 -1.5913005075e-17 -1.4712334746e+00 -4.8751326818e-02 
3.3710000000e-02 0.0000000000e+00 -1.4702377268e+00 -4.7755583809e-02 
3.3720000000e-02 0.0000000000e+00 -1.4701570162e+00 -4.7674873594e-02 
3.3810000000e-02 -1.0608670019e-17 -1.4691756559e+00 -4.6693510568e-02 
3.3820000000e-02 -1.1480615500e-17 -1.4690961028e+00 -4.6613957632e-02 
3.3910000000e-02 -1.6784950556e-17 -1.4681287973e+00 -4.5646659119e-02 
3.3920000000e-02 -1.5477032333e-17 -1.4680503766e+00 -4.5568238185e-02 
3.4010000000e-02 5.7403077700e-18 -1.4670968395e+00 -4.4614697030e-02 
3.4020000000e-02 6.6122532533e-18 -1.4670195261e+00 -4.4537383506e-02 
3.4110000000e-02 -3.9964168027e-18 -1.4660794432e+00 -4.3597301057e-02 
3.4120000000e-02 -5.3043350280e-18 -1.4660032128e+00 -4.3521071004e-02 
3.4210000000e-02 -1.5913005075e-17 -1.4650762976e+00 -4.2594156091e-02 
3.4220000000e-02 -1.5913005075e-17 -1.4650011282e+00 -4.2518986185e-02 
3.4310000000e-02 -5.3043350280e-18 -1.4640870943e+00 -4.1604955587e-02 
3.4320000000e-02 -6.6122532533e-18 -1.4640129616e+00 -4.1530823149e-02 
3.4410000000e-02 -1.3079182253e-18 -1.4631115410e+00 -4.0629401223e-02 
3.4420000000e-02 -4.3597274203e-19 -1.4630384238e+00 -4.0556284144e-02 
3.4510000000e-02 -5.7403077700e-18 -1.4621493485e+00 -3.9667202175e-02 
3.4520000000e-02 -5.3043350280e-18 -1.4620772254e+00 -3.9595078947e-02 
3.4610000000e-02 -1.5913005075e-17 -1.4612002182e+00 -3.8718075613e-02 
3.4620000000e-02 -1.6348977817e-17 -1.4611290681e+00 -3.8646925273e-02 
3.4710000000e-02 -1.1044642761e-17 -1.4602638887e+00 -3.7781745999e-02 
3.4720000000e-02 -1.1044642761e-17 -1.4601936910e+00 -3.7711548141e-02 
3.4810000000e-02 -1.1044642761e-17 -1.4593400900e+00 -3.6857944725e-02 
3.4820000000e-02 -1.0172697277e-17 -1.4592708242e+00 -3.6788679472e-02 
3.4910000000e-02 -4.8683622859e-18 -1.4584285520e+00 -3.5946410554e-02 
3.4920000000e-02 -6.1762805090e-18 -1.4583601999e+00 -3.5878058539e-02 
3.5010000000e-02 -8.7194548101e-19 -1.4575290348e+00 -3.5046888671e-02 
3.5020000000e-02 -8.7194548101e-19 -1.4574615773e+00 -3.4979431035e-02 
3.5110000000e-02 -8.7194548101e-19 -1.4566412699e+00 -3.4159131144e-02 
3.5120000000e-02 -4.3597274203e-19 -1.4565746881e+00 -3.4092549516e-02 
3.5210000000e-02 -4.3597274203e-19 -1.4557650349e+00 -3.3282896352e-02 
3.5220000000e-02 -8.7194548101e-19 -1.4556993114e+00 -3.3217172815e-02 
3.5310000000e-02 9.7367245380e-18 -1.4549000908e+00 -3.2417948578e-02 
3.5320000000e-02 1.0172697277e-17 -1.4548352080e+00 -3.2353065703e-02 
3.5410000000e-02 1.5477032333e-17 -1.4540461981e+00 -3.1564058694e-02 
3.5420000000e-02 1.5913005075e-17 -1.4539821394e+00 -3.1499999466e-02 
3.5510000000e-02 5.3043350280e-18 -1.4532031462e+00 -3.0721002882e-02 
3.5520000000e-02 4.4323895470e-18 -1.4531398941e+00 -3.0657750738e-02 
3.5610000000e-02 9.7367245380e-18 -1.4523707051e+00 -2.9888563322e-02 
3.5620000000e-02 9.7367245380e-18 -1.4523082435e+00 -2.9826102114e-02 
3.5710000000e-02 4.4323895470e-18 -1.4515486739e+00 -2.9066527596e-02 
3.5720000000e-02 5.3043350280e-18 -1.4514869878e+00 -2.9004841581e-02 
3.5810000000e-02 5.3043350280e-18 -1.4507368343e+00 -2.8254688868e-02 
3.5820000000e-02 4.8683622859e-18 -1.4506759085e+00 -2.8193762711e-02 
3.5910000000e-02 1.0172697277e-17 -1.4499349862e+00 -2.7452845146e-02 
3.5920000000e-02 1.0172697277e-17 -1.4498748047e+00 -2.7392663877e-02 
3.6010000000e-02 -4.3597274203e-19 -1.4491429381e+00 -2.6660799697e-02 
3.6020000000e-02 -4.3597274203e-19 -1.4490834872e+00 -2.6601348735e-02 
3.6110000000e-02 1.5477032333e-17 -1.4483605008e+00 -2.5878360894e-02 
3.6120000000e-02 1.5695018703e-17 -1.4483017661e+00 -2.5819626020e-02 
3.6210000000e-02 1.5695018703e-17 -1.4475874842e+00 -2.5105341627e-02 
3.6220000000e-02 1.5913005075e-17 -1.4475294513e+00 -2.5047308981e-02 
3.6310000000e-02 7.9565025466e-18 -1.4468236984e+00 -2.4341559489e-02 
3.6320000000e-02 7.3025434332e-18 -1.4467663543e+00 -2.4284215537e-02 
3.6410000000e-02 9.9547109056e-18 -1.4460689825e+00 -2.3586836557e-02 
3.6420000000e-02 9.9547109056e-18 -1.4460123144e+00 -2.3530168106e-02 
3.6510000000e-02 4.6503759146e-18 -1.4453231390e+00 -2.2840999501e-02 
3.6520000000e-02 5.3043350280e-18 -1.4452671332e+00 -2.2784993694e-02 
3.6610000000e-02 7.9565025466e-18 -1.4445860247e+00 -2.2103879022e-02 
3.6620000000e-02 8.8284480276e-18 -1.4445306690e+00 -2.2048523310e-02 
3.6710000000e-02 1.1480615500e-17 -1.4438574519e+00 -2.1375310195e-02 
3.6720000000e-02 9.5187381658e-18 -1.4438027342e+00 -2.1320592329e-02 
3.6810000000e-02 6.8665706934e-18 -1.4431372791e+00 -2.0655131722e-02 
3.6820000000e-02 7.5205298046e-18 -1.4430831865e+00 -2.0601039754e-02 
3.6910000000e-02 1.5477032333e-17 -1.4424253271e+00 -1.9943186763e-02 
3.6920000000e-02 1.6348977817e-17 -1.4423718496e+00 -1.9889709037e-02 
3.7010000000e-02 -4.8683622859e-18 -1.4417214658e+00 -1.9239321913e-02 
3.7020000000e-02 -4.6503759146e-18 -1.4416685914e+00 -1.9186447057e-02 
3.7110000000e-02 3.3061266320e-18 -1.4410255261e+00 -1.8543387470e-02 
3.7120000000e-02 2.2161947766e-18 -1.4409732425e+00 -1.8491104373e-02 
3.7210000000e-02 -5.7403077700e-18 -1.4403373848e+00 -1.7855237596e-02 
3.7220000000e-02 -5.3043350280e-18 -1.4402856830e+00 -1.7803535444e-02 
3.7310000000e-02 -2.6521675186e-18 -1.4396568758e+00 -1.7174729708e-02 
3.7320000000e-02 -3.0881402606e-18 -1.4396057437e+00 -1.7123597905e-02 
3.7410000000e-02 2.2161947766e-18 -1.4389838668e+00 -1.6501724673e-02 
3.7420000000e-02 2.4341811472e-18 -1.4389332952e+00 -1.6451152899e-02 
3.7510000000e-02 -2.8701538900e-18 -1.4383182286e+00 -1.5836086778e-02 
3.7520000000e-02 -2.4341811472e-18 -1.4382682068e+00 -1.5786064953e-02 
3.7610000000e-02 1.0826656390e-17 -1.4376598304e+00 -1.5177683415e-02 
3.7620000000e-02 9.9547109056e-18 -1.4376103486e+00 -1.5128201704e-02 
3.7710000000e-02 9.9547109056e-18 -1.4370085237e+00 -1.4526385084e-02 
3.7720000000e-02 9.7367245380e-18 -1.4369595728e+00 -1.4477433863e-02 
3.7810000000e-02 1.7693227122e-17 -1.4363642070e+00 -1.3882065453e-02 
3.7820000000e-02 1.7693227122e-17 -1.4363157763e+00 -1.3833635352e-02 
3.7910000000e-02 4.4323895470e-18 -1.4357267403e+00 -1.3244601124e-02 
3.7920000000e-02 4.2144031748e-18 -1.4356788223e+00 -1.3196682959e-02 
3.8010000000e-02 9.5187381658e-18 -1.4350960143e+00 -1.2613871473e-02 
3.8020000000e-02 9.3007517937e-18 -1.4350485991e+00 -1.2566456306e-02 
3.8110000000e-02 2.6703330480e-18 -1.4344718991e+00 -1.1989758801e-02 
3.8120000000e-02 2.4523466758e-18 -1.4344249784e+00 -1.1942837882e-02 
3.8210000000e-02 7.7566817038e-18 -1.4338542939e+00 -1.1372148092e-02 
3.8220000000e-02 7.1027225873e-18 -1.4338078585e+00 -1.1325712877e-02 
3.8310000000e-02 1.1080973833e-17 -1.4332430695e+00 -1.0760926939e-02 
3.8320000000e-02 1.1734932949e-17 -1.4331971118e+00 -1.0714969073e-02 
3.8410000000e-02 6.4305979491e-18 -1.4326381258e+00 -1.0155985434e-02 
3.8420000000e-02 7.3025434332e-18 -1.4325926367e+00 -1.0110496772e-02 
3.8510000000e-02 3.3242921599e-18 -1.4320393614e+00 -9.5572165582e-03 
3.8520000000e-02 2.9973126024e-18 -1.4319943341e+00 -9.5121891215e-03 
3.8610000000e-02 4.3233963571e-18 -1.4314466585e+00 -8.9645152891e-03 
3.8620000000e-02 3.7784304305e-18 -1.4314020846e+00 -8.9199412899e-03 
3.8710000000e-02 2.4523466758e-18 -1.4308599256e+00 -8.3777792439e-03 
3.8720000000e-02 3.1063057923e-18 -1.4308157975e+00 -8.3336510682e-03 
3.8810000000e-02 5.7584733016e-18 -1.4302790534e+00 -7.7969082651e-03 
3.8820000000e-02 5.2135073675e-18 -1.4302353635e+00 -7.7532184714e-03 
3.8910000000e-02 6.5395911314e-18 -1.4297039513e+00 -7.2218044742e-03 
3.8920000000e-02 5.9946252048e-18 -1.4296606928e+00 -7.1785457858e-03 
3.9010000000e-02 5.9946252048e-18 -1.4291345106e+00 -6.6523721906e-03 
3.9020000000e-02 6.4850945441e-18 -1.4290916759e+00 -6.6095374949e-03 
3.9110000000e-02 3.1698851481e-18 -1.4285706592e+00 -6.0885178568e-03 
3.9120000000e-02 2.8974021810e-18 -1.4285282415e+00 -6.0461001991e-03 
3.9210000000e-02 -4.1780721494e-19 -1.4280122886e+00 -5.5301500044e-03 
3.9220000000e-02 5.0863486101e-19 -1.4279702810e+00 -5.4881425842e-03 
3.9310000000e-02 1.3769472463e-17 -1.4274593180e+00 -4.9771791858e-03 
3.9320000000e-02 1.3823969058e-17 -1.4274177144e+00 -4.9355753514e-03 
3.9410000000e-02 7.1935502478e-18 -1.4269116581e+00 -4.4295179319e-03 
3.9420000000e-02 7.4115366192e-18 -1.4268704510e+00 -4.3883111797e-03 
3.9510000000e-02 1.8020206675e-17 -1.4263692275e+00 -3.8870806958e-03 
3.9520000000e-02 1.7693227122e-17 -1.4263284115e+00 -3.8462646629e-03 
3.9610000000e-02 1.3714975876e-17 -1.4258319284e+00 -3.3497837900e-03 
3.9620000000e-02 1.4123700318e-17 -1.4257914967e+00 -3.3093522515e-03 
3.9710000000e-02 3.0368226299e-17 -1.4252996892e+00 -2.8175453653e-03 
3.9720000000e-02 2.9905005262e-17 -1.4252596366e+00 -2.7774922339e-03 
3.9810000000e-02 2.0953939959e-17 -1.4247724309e+00 -2.2902853272e-03 
3.9820000000e-02 2.0926691658e-17 -1.4247327504e+00 -2.2506046447e-03 
3.9910000000e-02 2.7888631338e-17 -1.4242500725e+00 -1.7679253273e-03 
3.9920000000e-02 2.7180175634e-17 -1.4242107581e+00 -1.7286112638e-03 
4.0010000000e-02 1.7897589333e-17 -1.4237325342e+00 -1.2503886889e-03 
4.0020000000e-02 1.8190508520e-17 -1.4236935813e+00 -1.2114355398e-03 
4.0110000000e-02 1.8024748067e-17 -1.4232197466e+00 -7.3760039148e-04 
4.0120000000e-02 1.9373538738e-17 -1.4231811484e+00 -6.9900257467e-04 
4.0210000000e-02 2.6708439484e-17 -1.4227116290e+00 -2.2948700543e-04 
4.0220000000e-02 2.6095352815e-17 -1.4226733809e+00 -1.9123905606e-04 
4.0310000000e-02 2.3070224314e-17 -1.4222081214e+00 2.7402334097e-04 
4.0320000000e-02 2.3758243798e-17 -1.4221702181e+00 3.1192677194e-04 
4.0410000000e-02 2.5001447289e-17 -1.4217091446e+00 7.7300100004e-04 
4.0420000000e-02 2.4510977954e-17 -1.4216715808e+00 8.1056514854e-04 
4.0510000000e-02 2.5422660539e-17 -1.4212146285e+00 1.2675148443e-03 
4.0520000000e-02 2.5095680982e-17 -1.4211773981e+00 1.3047448382e-03 
4.0610000000e-02 1.8133741210e-17 -1.4207245116e+00 1.7576322919e-03 
4.0620000000e-02 1.7616023577e-17 -1.4206876109e+00 1.7945331494e-03 
4.0710000000e-02 1.8610586389e-17 -1.4202387256e+00 2.2434193806e-03 
4.0720000000e-02 1.9482531874e-17 -1.4202021491e+00 2.2799960186e-03 
4.0810000000e-02 1.4509717817e-17 -1.4197572003e+00 2.7249407489e-03 
4.0820000000e-02 1.3828510410e-17 -1.4197209428e+00 2.7611979795e-03 
4.0910000000e-02 1.4160031316e-17 -1.4192798842e+00 3.2022597104e-03 
4.0920000000e-02 1.4541507464e-17 -1.4192439419e+00 3.2382022501e-03 
4.1010000000e-02 1.5867591274e-17 -1.4188067089e+00 3.6754382820e-03 
4.1020000000e-02 1.5595108309e-17 -1.4187710765e+00 3.7110707471e-03 
4.1110000000e-02 1.6258150214e-17 -1.4183376043e+00 4.1445371976e-03 
4.1120000000e-02 1.6803116143e-17 -1.4183022772e+00 4.1798641130e-03 
4.1210000000e-02 1.2824864805e-17 -1.4178725290e+00 4.6096159632e-03 
4.1220000000e-02 1.3151844362e-17 -1.4178375034e+00 4.6446417599e-03 
4.1310000000e-02 1.3814886267e-17 -1.4174114144e+00 5.0707328541e-03 
4.1320000000e-02 1.3324416931e-17 -1.4173766851e+00 5.1054618756e-03 
4.1410000000e-02 1.7302668177e-17 -1.4169541999e+00 5.5279449863e-03 
4.1420000000e-02 1.7629647733e-17 -1.4169197637e+00 5.5623814851e-03 
4.1510000000e-02 1.2325312770e-17 -1.4165008361e+00 5.9813083223e-03 
4.1520000000e-02 1.2161822992e-17 -1.4164666877e+00 6.0154564701e-03 
4.1610000000e-02 1.7466157955e-17 -1.4160512623e+00 6.4308777087e-03 
4.1620000000e-02 1.7793137512e-17 -1.4160173987e+00 6.4647415895e-03 
4.1710000000e-02 1.3151844362e-17 -1.4156054385e+00 6.8767068695e-03 
4.1720000000e-02 1.2933857990e-17 -1.4155718544e+00 6.9102904895e-03 
4.1810000000e-02 1.0281690462e-17 -1.4151632947e+00 7.3188484991e-03 
4.1820000000e-02 9.9547109056e-18 -1.4151299878e+00 7.3521557834e-03 
4.1910000000e-02 9.9547109056e-18 -1.4147247916e+00 7.7573542129e-03 
4.1920000000e-02 1.0608670019e-17 -1.4146917567e+00 7.7903890091e-03 
4.2010000000e-02 6.6304187827e-18 -1.4142898686e+00 8.1922746339e-03 
4.2020000000e-02 6.4124324113e-18 -1.4142571025e+00 8.2250407159e-03 
4.2110000000e-02 1.1716767458e-17 -1.4138584856e+00 8.6236593875e-03 
4.2120000000e-02 1.2043747014e-17 -1.4138259846e+00 8.6561604541e-03 
4.2210000000e-02 4.0872444586e-18 -1.4134305833e+00 9.0515571181e-03 
4.2220000000e-02 3.7602649019e-18 -1.4133983435e+00 9.0837967951e-03 
4.2310000000e-02 1.1716767458e-17 -1.4130061303e+00 9.4760155381e-03 
4.2320000000e-02 1.3242672054e-17 -1.4129741480e+00 9.5079973844e-03 
4.2410000000e-02 1.3242672054e-17 -1.4125850580e+00 9.8970814243e-03 
4.2420000000e-02 1.2261733386e-17 -1.4125533309e+00 9.9288089230e-03 
4.2510000000e-02 2.4196487215e-17 -1.4121673457e+00 1.0314800637e-02 
4.2520000000e-02 2.4305480400e-17 -1.4121358692e+00 1.0346277222e-02 
4.2610000000e-02 1.7675061627e-17 -1.4117529242e+00 1.0729218311e-02 
4.2620000000e-02 1.8002041184e-17 -1.4117216946e+00 1.0760447324e-02 
4.2710000000e-02 1.5349873656e-17 -1.4113417619e+00 1.1140378411e-02 
4.2720000000e-02 1.5567860028e-17 -1.4113107776e+00 1.1171363156e-02 
4.2810000000e-02 1.0263524972e-17 -1.4109338204e+00 1.1548324252e-02 
4.2820000000e-02 1.0045538600e-17 -1.4109030768e+00 1.1579067948e-02 
4.2910000000e-02 1.1371622318e-17 -1.4105290489e+00 1.1953098418e-02 
4.2920000000e-02 9.9547109056e-18 -1.4104985430e+00 1.1983604241e-02 
4.3010000000e-02 8.6286271878e-18 -1.4101273981e+00 1.2354742616e-02 
4.3020000000e-02 9.1735931159e-18 -1.4100971270e+00 1.2385013672e-02 
4.3110000000e-02 7.8475093613e-18 -1.4097288466e+00 1.2753297563e-02 
4.3120000000e-02 7.9565025466e-18 -1.4096988071e+00 1.2783336905e-02 
4.3210000000e-02 2.1217340130e-17 -1.4093333358e+00 1.3148803643e-02 
4.3220000000e-02 2.0999353759e-17 -1.4093035249e+00 1.3178614263e-02 
4.3310000000e-02 1.5695018703e-17 -1.4089408443e+00 1.3541299978e-02 
4.3320000000e-02 1.6130991446e-17 -1.4089112597e+00 1.3570884824e-02 
4.3410000000e-02 8.1744889180e-18 -1.4085513143e+00 1.3930825462e-02 
4.3420000000e-02 8.1744889180e-18 -1.4085219523e+00 1.3960187411e-02 
4.3510000000e-02 1.0826656390e-17 -1.4081647235e+00 1.4317417901e-02 
4.3520000000e-02 9.7367245380e-18 -1.4081355818e+00 1.4346559780e-02 
4.3610000000e-02 1.2388892066e-17 -1.4077810328e+00 1.4701114589e-02 
4.3620000000e-02 1.2824864805e-17 -1.4077521082e+00 1.4730039191e-02 
4.3710000000e-02 1.5477032333e-17 -1.4074001928e+00 1.5081952047e-02 
4.3720000000e-02 1.5913005075e-17 -1.4073714824e+00 1.5110662100e-02 
4.3810000000e-02 2.1217340130e-17 -1.4070221728e+00 1.5459966361e-02 
4.3820000000e-02 2.1217340130e-17 -1.4069936751e+00 1.5488464538e-02 
4.3910000000e-02 1.5913005075e-17 -1.4066469528e+00 1.5835192546e-02 
4.3920000000e-02 1.6566964188e-17 -1.4066186639e+00 1.5863481475e-02 
4.4010000000e-02 1.6566964188e-17 -1.4062744735e+00 1.6207665294e-02 
4.4020000000e-02 1.6130991446e-17 -1.4062463913e+00 1.6235747572e-02 
4.4110000000e-02 1.3478823918e-17 -1.4059047235e+00 1.6577418713e-02 
4.4120000000e-02 1.3260837547e-17 -1.4058768448e+00 1.6605296877e-02 
4.4210000000e-02 1.5913005075e-17 -1.4055376535e+00 1.6944486110e-02 
4.4220000000e-02 1.6566964188e-17 -1.4055099776e+00 1.6972162644e-02 
4.4310000000e-02 1.6566964188e-17 -1.4051732443e+00 1.7308900186e-02 
4.4320000000e-02 1.5913005075e-17 -1.4051457666e+00 1.7336377543e-02 
4.4410000000e-02 1.5913005075e-17 -1.4048114451e+00 1.7670693333e-02 
4.4420000000e-02 1.5913005075e-17 -1.4047841648e+00 1.7697973928e-02 
4.4510000000e-02 1.8565172603e-17 -1.4044522458e+00 1.8029897166e-02 
4.4520000000e-02 1.9437118084e-17 -1.4044251592e+00 1.8056983346e-02 
4.4610000000e-02 2.2089285611e-17 -1.4040955966e+00 1.8386542677e-02 
4.4620000000e-02 2.2089285611e-17 -1.4040687029e+00 1.8413436781e-02 
4.4710000000e-02 1.6784950556e-17 -1.4037414873e+00 1.8740660390e-02 
4.4720000000e-02 1.6566964188e-17 -1.4037147828e+00 1.8767364689e-02 
4.4810000000e-02 1.9219131716e-17 -1.4033898589e+00 1.9092280481e-02 
4.4820000000e-02 1.9873090828e-17 -1.4033633419e+00 1.9118797223e-02 
4.4910000000e-02 1.9873090828e-17 -1.4030407096e+00 1.9441432273e-02 
4.4920000000e-02 1.9873090828e-17 -1.4030143787e+00 1.9467763653e-02 
4.5010000000e-02 2.2525258356e-17 -1.4026940011e+00 1.9788144944e-02 
4.5020000000e-02 2.2307271984e-17 -1.4026678525e+00 1.9814293134e-02 
4.5110000000e-02 2.2307271984e-17 -1.4023496927e+00 2.0132446724e-02 
4.5120000000e-02 2.2743244728e-17 -1.4023237256e+00 2.0158413858e-02 
4.5210000000e-02 2.2743244728e-17 -1.4020077742e+00 2.0474365897e-02 
4.5220000000e-02 2.2307271984e-17 -1.4019819863e+00 2.0500154057e-02 
4.5310000000e-02 1.7002936928e-17 -1.4016682157e+00 2.0813929772e-02 
4.5320000000e-02 1.6348977817e-17 -1.4016426041e+00 2.0839541023e-02 
4.5410000000e-02 2.1653312872e-17 -1.4013309772e+00 2.1151165456e-02 
4.5420000000e-02 2.1871299244e-17 -1.4013055410e+00 2.1176601810e-02 
4.5510000000e-02 1.9219131716e-17 -1.4009960395e+00 2.1486099633e-02 
4.5520000000e-02 1.9001145345e-17 -1.4009707757e+00 2.1511363089e-02 
4.5610000000e-02 1.6348977817e-17 -1.4006633810e+00 2.1818758327e-02 
4.5620000000e-02 1.6566964188e-17 -1.4006382889e+00 2.1843850835e-02 
4.5710000000e-02 1.6566964188e-17 -1.4003329733e+00 2.2149167329e-02 
4.5720000000e-02 1.6566964188e-17 -1.4003080497e+00 2.2174090813e-02 
4.5810000000e-02 1.6566964188e-17 -1.4000047948e+00 2.2477351941e-02 
4.5820000000e-02 1.7438909672e-17 -1.3999800384e+00 2.2502108290e-02 
4.5910000000e-02 2.5395412256e-17 -1.3996788071e+00 2.2803337061e-02 
4.5920000000e-02 2.4741453139e-17 -1.3996542162e+00 2.2827928129e-02 
4.6010000000e-02 2.7393620667e-17 -1.3993549994e+00 2.3127146997e-02 
4.6020000000e-02 2.7829593411e-17 -1.3993305718e+00 2.3151574623e-02 
4.6110000000e-02 1.7220923300e-17 -1.3990333416e+00 2.3448805858e-02 
4.6120000000e-02 1.7438909672e-17 -1.3990090758e+00 2.3473071833e-02 
4.6210000000e-02 2.2743244728e-17 -1.3987138047e+00 2.3768337428e-02 
4.6220000000e-02 2.3179217472e-17 -1.3986896984e+00 2.3792443529e-02 
4.6310000000e-02 2.8483552528e-17 -1.3983963770e+00 2.4085764829e-02 
4.6320000000e-02 2.7829593411e-17 -1.3983724294e+00 2.4109712781e-02 
4.6410000000e-02 2.2525258356e-17 -1.3980810300e+00 2.4401111039e-02 
4.6420000000e-02 2.3179217472e-17 -1.3980572381e+00 2.4424902573e-02 
4.6510000000e-02 2.5831385000e-17 -1.3977677423e+00 2.4714398489e-02 
4.6520000000e-02 2.4741453139e-17 -1.3977441053e+00 2.4738035276e-02 
4.6610000000e-02 1.4132783028e-17 -1.3974564946e+00 2.5025649454e-02 
4.6620000000e-02 1.4132783028e-17 -1.3974330110e+00 2.5049133158e-02 
4.6710000000e-02 8.8284480276e-18 -1.3971472576e+00 2.5334885652e-02 
4.6720000000e-02 9.4824071441e-18 -1.3971239252e+00 2.5358217905e-02 
4.6810000000e-02 1.7438909672e-17 -1.3968400106e+00 2.5642128673e-02 
4.6820000000e-02 1.6784950556e-17 -1.3968168286e+00 2.5665311071e-02 
4.6910000000e-02 6.1762805090e-18 -1.3965347437e+00 2.5947399427e-02 
4.6920000000e-02 6.1762805090e-18 -1.3965117090e+00 2.5970433563e-02 
4.7010000000e-02 1.1480615500e-17 -1.3962314259e+00 2.6250718819e-02 
4.7020000000e-02 1.1916588244e-17 -1.3962085386e+00 2.6273606237e-02 
4.7110000000e-02 1.1916588244e-17 -1.3959300390e+00 2.6552107335e-02 
4.7120000000e-02 1.1916588244e-17 -1.3959072967e+00 2.6574849576e-02 
4.7210000000e-02 1.7220923300e-17 -1.3956305620e+00 2.6851584999e-02 
4.7220000000e-02 1.6784950556e-17 -1.3956079641e+00 2.6874183558e-02 
4.7310000000e-02 1.1480615500e-17 -1.3953329758e+00 2.7149171694e-02 
4.7320000000e-02 1.1480615500e-17 -1.3953105191e+00 2.7171628061e-02 
4.7410000000e-02 6.1762805090e-18 -1.3950372589e+00 2.7444886928e-02 
4.7420000000e-02 6.6122532533e-18 -1.3950149434e+00 2.7467202561e-02 
4.7510000000e-02 1.1916588244e-17 -1.3947433927e+00 2.7738749901e-02 
4.7520000000e-02 1.1480615500e-17 -1.3947212162e+00 2.7760926235e-02 
4.7610000000e-02 6.1762805090e-18 -1.3944513657e+00 2.8030779606e-02 
4.7620000000e-02 5.7403077700e-18 -1.3944293275e+00 2.8052818062e-02 
4.7710000000e-02 1.6348977817e-17 -1.3941611495e+00 2.8320994466e-02 
4.7720000000e-02 1.7220923300e-17 -1.3941392472e+00 2.8342896433e-02 
4.7810000000e-02 6.6122532533e-18 -1.3938727325e+00 2.8609412965e-02 
4.7820000000e-02 6.6122532533e-18 -1.3938509654e+00 2.8631179818e-02 
4.7910000000e-02 6.6122532533e-18 -1.3935860863e+00 2.8896053110e-02 
4.7920000000e-02 6.6122532533e-18 -1.3935644537e+00 2.8917686201e-02 
4.8010000000e-02 2.2525258356e-17 -1.3933012101e+00 2.9180932703e-02 
4.8020000000e-02 2.2525258356e-17 -1.3932797096e+00 2.9202433361e-02 
4.8110000000e-02 1.7220923300e-17 -1.3930180739e+00 2.9464069242e-02 
4.8120000000e-02 1.6784950556e-17 -1.3929967041e+00 2.9485438781e-02 
4.8210000000e-02 2.2089285611e-17 -1.3927366670e+00 2.9745479935e-02 
4.8220000000e-02 2.2525258356e-17 -1.3927154270e+00 2.9766719647e-02 
4.8310000000e-02 2.2525258356e-17 -1.3924569608e+00 3.0025181784e-02 
4.8320000000e-02 2.2525258356e-17 -1.3924358499e+00 3.0046292928e-02 
4.8410000000e-02 1.7220923300e-17 -1.3921789546e+00 3.0303191571e-02 
4.8420000000e-02 1.7220923300e-17 -1.3921579705e+00 3.0324175416e-02 
4.8510000000e-02 2.2525258356e-17 -1.3919026184e+00 3.0579525813e-02 
4.8520000000e-02 2.2525258356e-17 -1.3918817611e+00 3.0600383590e-02 
4.8610000000e-02 1.7220923300e-17 -1.3916279429e+00 3.0854200616e-02 
4.8620000000e-02 1.7220923300e-17 -1.3916072095e+00 3.0874933533e-02 
4.8710000000e-02 6.6122532533e-18 -1.3913549067e+00 3.1127232067e-02 
4.8720000000e-02 6.6122532533e-18 -1.3913342978e+00 3.1147841338e-02 
4.8810000000e-02 1.7220923300e-17 -1.3910835105e+00 3.1398635887e-02 
4.8820000000e-02 1.7656896044e-17 -1.3910630239e+00 3.1419122675e-02 
4.8910000000e-02 1.2352560989e-17 -1.3908137151e+00 3.1668427747e-02 
4.8920000000e-02 1.1480615500e-17 -1.3907933492e+00 3.1688793228e-02 
4.9010000000e-02 1.1480615500e-17 -1.3905455189e+00 3.1936622684e-02 
4.9020000000e-02 1.1916588244e-17 -1.3905252738e+00 3.1956867997e-02 
4.9110000000e-02 1.7220923300e-17 -1.3902789034e+00 3.2203236067e-02 
4.9120000000e-02 1.6784950556e-17 -1.3902587768e+00 3.2223362346e-02 
4.9210000000e-02 1.1480615500e-17 -1.3900138572e+00 3.2468282613e-02 
4.9220000000e-02 1.1044642761e-17 -1.3899938491e+00 3.2488290972e-02 
4.9310000000e-02 1.6348977817e-17 -1.3897503618e+00 3.2731776928e-02 
4.9320000000e-02 1.7656896044e-17 -1.3897304699e+00 3.2751668462e-02 
4.9410000000e-02 1.7656896044e-17 -1.3894884056e+00 3.2993733597e-02 
4.9420000000e-02 1.7656896044e-17 -1.3894686299e+00 3.3013509392e-02 
4.9510000000e-02 1.2352560989e-17 -1.3892279794e+00 3.3254166829e-02 
4.9520000000e-02 1.1916588244e-17 -1.3892083184e+00 3.3273827948e-02 
4.9610000000e-02 6.6122532533e-18 -1.3889690539e+00 3.3513090530e-02 
4.9620000000e-02 6.6122532533e-18 -1.3889495061e+00 3.3532638029e-02 
4.9710000000e-02 1.1916588244e-17 -1.3887116277e+00 3.3770518601e-02 
4.9720000000e-02 1.1480615500e-17 -1.3886921930e+00 3.3789953513e-02 
4.9810000000e-02 1.6784950556e-17 -1.3884556823e+00 3.4026464734e-02 
4.9820000000e-02 1.7656896044e-17 -1.3884363592e+00 3.4045788084e-02 
4.9910000000e-02 1.7656896044e-17 -1.3882011976e+00 3.4280942337e-02 
4.9920000000e-02 1.6784950556e-17 -1.3881819847e+00 3.4300155127e-02 
5.0010000000e-02 1.1480615500e-17 -1.3879481814e+00 3.4533964609e-02 
5.0020000000e-02 1.1044642761e-17 -1.3879290778e+00 3.4553067842e-02 
5.0110000000e-02 5.7403077700e-18 -1.3876965959e+00 3.4785544751e-02 
5.0120000000e-02 6.1762805090e-18 -1.3876778395e+00 3.4804301229e-02 
5.0210000000e-02 1.1480615500e-17 -1.3874495805e+00 3.5032559015e-02 
5.0220000000e-02 1.1916588244e-17 -1.3874300478e+00 3.5052091446e-02 
5.0310000000e-02 1.1916588244e-17 -1.3871923451e+00 3.5289792844e-02 
5.0320000000e-02 1.2352560989e-17 -1.3871720104e+00 3.5310128204e-02 
5.0420000000e-02 1.7656896044e-17 -1.3869245404e+00 3.5557601623e-02 
5.0430000000e-02 1.6348977817e-17 -1.3869033741e+00 3.5578767352e-02 
5.0530000000e-02 5.7403077700e-18 -1.3866457949e+00 3.5836347020e-02 
5.0540000000e-02 6.6122532533e-18 -1.3866237711e+00 3.5858371030e-02 
5.0650000000e-02 6.6122532533e-18 -1.3863557503e+00 3.6126396352e-02 
5.0660000000e-02 6.6122532533e-18 -1.3863328401e+00 3.6149306927e-02 
5.0780000000e-02 1.7220923300e-17 -1.3860540171e+00 3.6428122572e-02 
5.0790000000e-02 1.6784950556e-17 -1.3860301910e+00 3.6451948375e-02 
5.0910000000e-02 2.2089285611e-17 -1.3857402424e+00 3.6741902896e-02 
5.0920000000e-02 2.3397203844e-17 -1.3857154723e+00 3.6766672863e-02 
5.1040000000e-02 1.8092868789e-17 -1.3854140192e+00 3.7068118971e-02 
5.1060000000e-02 1.7220923300e-17 -1.3853882762e+00 3.7093862313e-02 
5.1190000000e-02 2.2525258356e-17 -1.3850749861e+00 3.7407155211e-02 
5.1200000000e-02 2.2961231100e-17 -1.3850482397e+00 3.7433901290e-02 
5.1340000000e-02 1.7656896044e-17 -1.3847227429e+00 3.7759398680e-02 
5.1350000000e-02 1.6784950556e-17 -1.3846949644e+00 3.7787176986e-02 
5.1490000000e-02 1.1480615500e-17 -1.3843569005e+00 3.8125237768e-02 
5.1510000000e-02 1.2352560989e-17 -1.3843280610e+00 3.8154077801e-02 
5.1660000000e-02 2.8265566156e-17 -1.3839770789e+00 3.8505061247e-02 
5.1670000000e-02 2.8265566156e-17 -1.3839471472e+00 3.8534992444e-02 
5.1830000000e-02 2.2961231100e-17 -1.3835828865e+00 3.8899256900e-02 
5.1840000000e-02 2.2961231100e-17 -1.3835518346e+00 3.8930308541e-02 
5.2010000000e-02 2.2961231100e-17 -1.3831739348e+00 3.9308210597e-02 
5.2030000000e-02 2.2961231100e-17 -1.3831417338e+00 3.9340411716e-02 
5.2200000000e-02 1.7656896044e-17 -1.3827498347e+00 3.9732304732e-02 
5.2210000000e-02 1.7656896044e-17 -1.3827164557e+00 3.9765683970e-02 
5.2400000000e-02 1.2352560989e-17 -1.3823102246e+00 4.0171916680e-02 
5.2410000000e-02 1.1916588244e-17 -1.3822756387e+00 4.0206502168e-02 
5.2600000000e-02 1.7220923300e-17 -1.3818547244e+00 4.0627417396e-02 
5.2620000000e-02 1.6784950556e-17 -1.3818189052e+00 4.0663236675e-02 
5.2820000000e-02 1.1480615500e-17 -1.3813829751e+00 4.1099169389e-02 
5.2840000000e-02 1.1916588244e-17 -1.3813458958e+00 4.1136249184e-02 
5.3050000000e-02 1.1916588244e-17 -1.3808946172e+00 4.1587525204e-02 
5.3070000000e-02 1.1480615500e-17 -1.3808562506e+00 4.1625891338e-02 
5.3290000000e-02 6.1762805090e-18 -1.3803893186e+00 4.2092825027e-02 
5.3310000000e-02 7.0482259976e-18 -1.3803496419e+00 4.2132502229e-02 
5.3540000000e-02 1.2352560989e-17 -1.3798667515e+00 4.2615394734e-02 
5.3560000000e-02 1.2788533733e-17 -1.3798257396e+00 4.2656406481e-02 
5.3800000000e-02 1.2788533733e-17 -1.3793265952e+00 4.3155543704e-02 
5.3820000000e-02 1.1916588244e-17 -1.3792842268e+00 4.3197912005e-02 
5.4070000000e-02 6.6122532533e-18 -1.3787685789e+00 4.3713562197e-02 
5.4090000000e-02 6.1762805090e-18 -1.3787248335e+00 4.3757307438e-02 
5.4360000000e-02 6.1762805090e-18 -1.3781924233e+00 4.4289718708e-02 
5.4380000000e-02 6.6122532533e-18 -1.3781472828e+00 4.4334859389e-02 
5.4660000000e-02 1.1916588244e-17 -1.3775978885e+00 4.4884257389e-02 
5.4680000000e-02 1.2352560989e-17 -1.3775513361e+00 4.4930809968e-02 
5.4970000000e-02 1.7656896044e-17 -1.3769847452e+00 4.5497395125e-02 
5.5000000000e-02 1.7656896044e-17 -1.3769367665e+00 4.5545373723e-02 
5.5300000000e-02 1.7656896044e-17 -1.3763528219e+00 4.6129318003e-02 
5.5330000000e-02 1.6784950556e-17 -1.3763034054e+00 4.6178734177e-02 
5.5640000000e-02 1.1480615500e-17 -1.3757019686e+00 4.6780178775e-02 
5.5670000000e-02 1.1044642761e-17 -1.3756511061e+00 4.6831041268e-02 
5.6000000000e-02 1.1044642761e-17 -1.3750320476e+00 4.7450092542e-02 
5.6030000000e-02 1.1480615500e-17 -1.3749797329e+00 4.7502406975e-02 
5.6380000000e-02 1.6784950556e-17 -1.3743430066e+00 4.8139133766e-02 
5.6410000000e-02 1.7656896044e-17 -1.3742892382e+00 4.8192902371e-02 
5.6780000000e-02 1.7656896044e-17 -1.3736348071e+00 4.8847331939e-02 
5.6810000000e-02 1.6348977817e-17 -1.3735795858e+00 4.8902553243e-02 
5.7190000000e-02 1.6348977817e-17 -1.3729074776e+00 4.9574667847e-02 
5.7230000000e-02 1.6348977817e-17 -1.3728508095e+00 4.9631336305e-02 
5.7630000000e-02 5.7403077700e-18 -1.3721610704e+00 5.0321068766e-02 
5.7660000000e-02 5.7403077700e-18 -1.3721029646e+00 5.0379174482e-02 
5.8080000000e-02 1.1044642761e-17 -1.3713957424e+00 5.1086404489e-02 
5.8120000000e-02 1.2352560989e-17 -1.3713362141e+00 5.1145932790e-02 
5.8560000000e-02 1.7438909696e-18 -1.3706116659e+00 5.1870481630e-02 
5.8600000000e-02 1.7438909696e-18 -1.3705507348e+00 5.1931412678e-02 
5.9060000000e-02 1.7438909696e-18 -1.3698091010e+00 5.2673039361e-02 
5.9100000000e-02 2.6158364506e-18 -1.3697467922e+00 5.2735347781e-02 
5.9580000000e-02 2.6158364506e-18 -1.3689883961e+00 5.3493743395e-02 
5.9620000000e-02 1.7438909696e-18 -1.3689247422e+00 5.3557397775e-02 
6.0130000000e-02 1.2352560989e-17 -1.3681499627e+00 5.4332179948e-02 
6.0170000000e-02 1.1480615500e-17 -1.3680850001e+00 5.4397142404e-02 
6.0700000000e-02 1.1480615500e-17 -1.3672942900e+00 5.5187850128e-02 
6.0750000000e-02 1.2352560989e-17 -1.3672280644e+00 5.5254075789e-02 
6.1300000000e-02 1.2352560989e-17 -1.3664219781e+00 5.6060162857e-02 
6.1350000000e-02 1.2352560989e-17 -1.3663545419e+00 5.6127599287e-02 
6.1930000000e-02 1.2352560989e-17 -1.3655337170e+00 5.6948427366e-02 
6.1980000000e-02 1.1480615500e-17 -1.3654651301e+00 5.7017014034e-02 
6.2590000000e-02 1.1480615500e-17 -1.3646302966e+00 5.7851846100e-02 
6.2640000000e-02 1.1480615500e-17 -1.3645606290e+00 5.7921513672e-02 
6.3280000000e-02 8.7194548101e-19 -1.3637126370e+00 5.8769505697e-02 
6.3330000000e-02 8.7194548101e-19 -1.3636419668e+00 5.8840175406e-02 
6.4000000000e-02 1.1480615500e-17 -1.3627817773e+00 5.9700368411e-02 
6.4060000000e-02 1.0608670019e-17 -1.3627101951e+00 5.9771951252e-02 
6.4760000000e-02 1.0608670019e-17 -1.3618388800e+00 6.0643261418e-02 
6.4820000000e-02 1.1480615500e-17 -1.3617664835e+00 6.0715657334e-02 
