EXPORTED CROSS SECTION DATA
504 2 2
x coordinate
Electron Conc
2.5000000000e-04 0.0000000000e+00 
1.2700000000e-03 0.0000000000e+00 
1.0250000000e-02 0.0000000000e+00 
1.0250000000e-02 1.9534713800e+02 
1.0760000000e-02 1.9576563967e+02 
1.5250000000e-02 1.9835019156e+02 
1.5760000000e-02 1.9877146062e+02 
2.0250000000e-02 2.0137120920e+02 
2.0760000000e-02 2.0178932880e+02 
2.5250000000e-02 2.0437678629e+02 
2.5500000000e-02 2.0458534518e+02 
2.7770000000e-02 2.0588054515e+02 
2.7900000000e-02 2.0598499994e+02 
2.9040000000e-02 2.0663504089e+02 
2.9110000000e-02 2.0668754549e+02 
2.9680000000e-02 2.0701465597e+02 
2.9720000000e-02 2.0704110620e+02 
3.0010000000e-02 2.0720598977e+02 
3.0020000000e-02 2.0721933104e+02 
3.0170000000e-02 2.0730252147e+02 
3.0180000000e-02 3.9088603050e+05 
3.0250000000e-02 3.7764628294e+06 
3.0250000000e-02 3.7764628294e+06 
3.0260000000e-02 3.7766010218e+06 
3.0350000000e-02 3.7774629708e+06 
3.0360000000e-02 3.7776010730e+06 
3.0450000000e-02 3.7784625906e+06 
3.0460000000e-02 3.7786006038e+06 
3.0550000000e-02 3.7794616900e+06 
3.0560000000e-02 3.7795996130e+06 
3.0650000000e-02 3.7804602589e+06 
3.0660000000e-02 3.7805980918e+06 
3.0750000000e-02 3.7814583062e+06 
3.0760000000e-02 3.7815960470e+06 
3.0850000000e-02 3.7824558120e+06 
3.0860000000e-02 3.7825934627e+06 
3.0950000000e-02 3.7834527873e+06 
3.0960000000e-02 3.7835903448e+06 
3.1050000000e-02 3.7844492201e+06 
3.1060000000e-02 3.7845866854e+06 
3.1150000000e-02 3.7854451114e+06 
3.1160000000e-02 3.7855824835e+06 
3.1250000000e-02 3.7864404511e+06 
3.1260000000e-02 3.7865777291e+06 
3.1350000000e-02 3.7874352473e+06 
3.1360000000e-02 3.7875724311e+06 
3.1450000000e-02 3.7884294820e+06 
3.1460000000e-02 3.7885665716e+06 
3.1550000000e-02 3.7894231552e+06 
3.1560000000e-02 3.7895601486e+06 
3.1650000000e-02 3.7904162738e+06 
3.1660000000e-02 3.7905531720e+06 
3.1750000000e-02 3.7914088209e+06 
3.1760000000e-02 3.7915456229e+06 
3.1850000000e-02 3.7924008044e+06 
3.1860000000e-02 3.7925375092e+06 
3.1950000000e-02 3.7933922144e+06 
3.1960000000e-02 3.7935288220e+06 
3.2050000000e-02 3.7943830419e+06 
3.2060000000e-02 3.7945195523e+06 
3.2150000000e-02 3.7953732958e+06 
3.2160000000e-02 3.7955097070e+06 
3.2250000000e-02 3.7963629652e+06 
3.2260000000e-02 3.7964992781e+06 
3.2350000000e-02 3.7973520420e+06 
3.2360000000e-02 3.7974882557e+06 
3.2450000000e-02 3.7983405343e+06 
3.2460000000e-02 3.7984766477e+06 
3.2550000000e-02 3.7993284320e+06 
3.2560000000e-02 3.7994644452e+06 
3.2650000000e-02 3.8003157262e+06 
3.2660000000e-02 3.8004516381e+06 
3.2750000000e-02 3.8013024248e+06 
3.2760000000e-02 3.8014382354e+06 
3.2850000000e-02 3.8022885099e+06 
3.2860000000e-02 3.8024242192e+06 
3.2950000000e-02 3.8032739904e+06 
3.2960000000e-02 3.8034095965e+06 
3.3050000000e-02 3.8042588643e+06 
3.3060000000e-02 3.8043943681e+06 
3.3150000000e-02 3.8052431147e+06 
3.3160000000e-02 3.8053785152e+06 
3.3250000000e-02 3.8062267495e+06 
3.3260000000e-02 3.8063620457e+06 
3.3350000000e-02 3.8072097587e+06 
3.3360000000e-02 3.8073449506e+06 
3.3450000000e-02 3.8081921424e+06 
3.3460000000e-02 3.8083272290e+06 
3.3550000000e-02 3.8091738995e+06 
3.3560000000e-02 3.8093088818e+06 
3.3650000000e-02 3.8101550220e+06 
3.3660000000e-02 3.8102898980e+06 
3.3750000000e-02 3.8111354990e+06 
3.3760000000e-02 3.8112702686e+06 
3.3850000000e-02 3.8121153484e+06 
3.3860000000e-02 3.8122500106e+06 
3.3950000000e-02 3.8130945422e+06 
3.3960000000e-02 3.8132290981e+06 
3.4050000000e-02 3.8140730904e+06 
3.4060000000e-02 3.8142075380e+06 
3.4150000000e-02 3.8150509910e+06 
3.4160000000e-02 3.8151853303e+06 
3.4250000000e-02 3.8160282351e+06 
3.4260000000e-02 3.8161624659e+06 
3.4350000000e-02 3.8170048225e+06 
3.4360000000e-02 3.8171389430e+06 
3.4450000000e-02 3.8179807424e+06 
3.4460000000e-02 3.8181147546e+06 
3.4550000000e-02 3.8189560057e+06 
3.4560000000e-02 3.8190899065e+06 
3.4650000000e-02 3.8199305914e+06 
3.4660000000e-02 3.8200643828e+06 
3.4750000000e-02 3.8209045105e+06 
3.4760000000e-02 3.8210381895e+06 
3.4850000000e-02 3.8218777510e+06 
3.4860000000e-02 3.8220113186e+06 
3.4950000000e-02 3.8228503049e+06 
3.4960000000e-02 3.8229837611e+06 
3.5050000000e-02 3.8238221903e+06 
3.5060000000e-02 3.8239555330e+06 
3.5150000000e-02 3.8247933780e+06 
3.5160000000e-02 3.8249266073e+06 
3.5250000000e-02 3.8257638771e+06 
3.5260000000e-02 3.8258969941e+06 
3.5350000000e-02 3.8267336886e+06 
3.5360000000e-02 3.8268666911e+06 
3.5450000000e-02 3.8277028015e+06 
3.5460000000e-02 3.8278356886e+06 
3.5550000000e-02 3.8286712058e+06 
3.5560000000e-02 3.8288039795e+06 
3.5650000000e-02 3.8296389125e+06 
3.5660000000e-02 3.8297715697e+06 
3.5750000000e-02 3.8306059096e+06 
3.5760000000e-02 3.8307384514e+06 
3.5850000000e-02 3.8315721981e+06 
3.5860000000e-02 3.8317046224e+06 
3.5950000000e-02 3.8325377670e+06 
3.5960000000e-02 3.8326700758e+06 
3.6050000000e-02 3.8335026272e+06 
3.6060000000e-02 3.8336348186e+06 
3.6150000000e-02 3.8344667589e+06 
3.6160000000e-02 3.8345988318e+06 
3.6250000000e-02 3.8354301699e+06 
3.6260000000e-02 3.8355621253e+06 
3.6350000000e-02 3.8363928523e+06 
3.6360000000e-02 3.8365246882e+06 
3.6450000000e-02 3.8373548041e+06 
3.6460000000e-02 3.8374865215e+06 
3.6550000000e-02 3.8383160172e+06 
3.6560000000e-02 3.8384476142e+06 
3.6650000000e-02 3.8392764897e+06 
3.6660000000e-02 3.8394079682e+06 
3.6750000000e-02 3.8402362237e+06 
3.6760000000e-02 3.8403675806e+06 
3.6850000000e-02 3.8411952070e+06 
3.6860000000e-02 3.8413264424e+06 
3.6950000000e-02 3.8421534486e+06 
3.6960000000e-02 3.8422845635e+06 
3.7050000000e-02 3.8431109316e+06 
3.7060000000e-02 3.8432419251e+06 
3.7150000000e-02 3.8440676641e+06 
3.7160000000e-02 3.8441985339e+06 
3.7250000000e-02 3.8450236348e+06 
3.7260000000e-02 3.8451543832e+06 
3.7350000000e-02 3.8459788459e+06 
3.7360000000e-02 3.8461094697e+06 
3.7450000000e-02 3.8469332944e+06 
3.7460000000e-02 3.8470637957e+06 
3.7550000000e-02 3.8478869643e+06 
3.7560000000e-02 3.8480173410e+06 
3.7650000000e-02 3.8488398625e+06 
3.7660000000e-02 3.8489701147e+06 
3.7750000000e-02 3.8497919891e+06 
3.7760000000e-02 3.8499221167e+06 
3.7850000000e-02 3.8507433351e+06 
3.7860000000e-02 3.8508733371e+06 
3.7950000000e-02 3.8516938994e+06 
3.7960000000e-02 3.8518237748e+06 
3.8050000000e-02 3.8526436720e+06 
3.8060000000e-02 3.8527734219e+06 
3.8150000000e-02 3.8535926630e+06 
3.8160000000e-02 3.8537222863e+06 
3.8250000000e-02 3.8545408534e+06 
3.8260000000e-02 3.8546703481e+06 
3.8350000000e-02 3.8554882501e+06 
3.8360000000e-02 3.8556176182e+06 
3.8450000000e-02 3.8564348462e+06 
3.8460000000e-02 3.8565640867e+06 
3.8550000000e-02 3.8573806406e+06 
3.8560000000e-02 3.8575097515e+06 
3.8650000000e-02 3.8583256224e+06 
3.8660000000e-02 3.8584546057e+06 
3.8750000000e-02 3.8592698025e+06 
3.8760000000e-02 3.8593986552e+06 
3.8850000000e-02 3.8602131600e+06 
3.8860000000e-02 3.8603418830e+06 
3.8950000000e-02 3.8611557048e+06 
3.8960000000e-02 3.8612842982e+06 
3.9050000000e-02 3.8620974370e+06 
3.9060000000e-02 3.8622258987e+06 
3.9150000000e-02 3.8630383365e+06 
3.9160000000e-02 3.8631666686e+06 
3.9250000000e-02 3.8639784143e+06 
3.9260000000e-02 3.8641066138e+06 
3.9350000000e-02 3.8649176585e+06 
3.9360000000e-02 3.8650457263e+06 
3.9450000000e-02 3.8658560700e+06 
3.9460000000e-02 3.8659840052e+06 
3.9550000000e-02 3.8667936478e+06 
3.9560000000e-02 3.8669214504e+06 
3.9650000000e-02 3.8677303830e+06 
3.9660000000e-02 3.8678580529e+06 
3.9750000000e-02 3.8686662756e+06 
3.9760000000e-02 3.8687938108e+06 
3.9850000000e-02 3.8696013234e+06 
3.9860000000e-02 3.8697287259e+06 
3.9950000000e-02 3.8705355196e+06 
3.9960000000e-02 3.8706627865e+06 
4.0050000000e-02 3.8714688611e+06 
4.0060000000e-02 3.8715959933e+06 
4.0150000000e-02 3.8724013490e+06 
4.0160000000e-02 3.8725283465e+06 
4.0250000000e-02 3.8733329742e+06 
4.0260000000e-02 3.8734598349e+06 
4.0350000000e-02 3.8742637347e+06 
4.0360000000e-02 3.8743904597e+06 
4.0450000000e-02 3.8751936315e+06 
4.0460000000e-02 3.8753202199e+06 
4.0550000000e-02 3.8761226547e+06 
4.0560000000e-02 3.8762491063e+06 
4.0650000000e-02 3.8770508042e+06 
4.0660000000e-02 3.8771771181e+06 
4.0750000000e-02 3.8779780880e+06 
4.0760000000e-02 3.8781042642e+06 
4.0850000000e-02 3.8789044791e+06 
4.0860000000e-02 3.8790305176e+06 
4.0950000000e-02 3.8798299956e+06 
4.0960000000e-02 3.8799558953e+06 
4.1050000000e-02 3.8807546273e+06 
4.1060000000e-02 3.8808803873e+06 
4.1150000000e-02 3.8816783644e+06 
4.1160000000e-02 3.8818039857e+06 
4.1250000000e-02 3.8826012078e+06 
4.1260000000e-02 3.8827266884e+06 
4.1350000000e-02 3.8835231556e+06 
4.1360000000e-02 3.8836484963e+06 
4.1450000000e-02 3.8844442086e+06 
4.1460000000e-02 3.8845694086e+06 
4.1550000000e-02 3.8853643570e+06 
4.1560000000e-02 3.8854894162e+06 
4.1650000000e-02 3.8862835916e+06 
4.1660000000e-02 3.8864085091e+06 
4.1750000000e-02 3.8872019296e+06 
4.1760000000e-02 3.8873267063e+06 
4.1850000000e-02 3.8881193539e+06 
4.1860000000e-02 3.8882439868e+06 
4.1950000000e-02 3.8890358525e+06 
4.1960000000e-02 3.8891603437e+06 
4.2050000000e-02 3.8899514454e+06 
4.2060000000e-02 3.8900757928e+06 
4.2150000000e-02 3.8908661037e+06 
4.2160000000e-02 3.8909903082e+06 
4.2250000000e-02 3.8917798462e+06 
4.2260000000e-02 3.8919039059e+06 
4.2350000000e-02 3.8926926530e+06 
4.2360000000e-02 3.8928165700e+06 
4.2450000000e-02 3.8936045352e+06 
4.2460000000e-02 3.8937283063e+06 
4.2550000000e-02 3.8945154806e+06 
4.2560000000e-02 3.8946391070e+06 
4.2650000000e-02 3.8954254904e+06 
4.2660000000e-02 3.8955489719e+06 
4.2750000000e-02 3.8963345554e+06 
4.2760000000e-02 3.8964578901e+06 
4.2850000000e-02 3.8972426828e+06 
4.2860000000e-02 3.8973658716e+06 
4.2950000000e-02 3.8981498554e+06 
4.2960000000e-02 3.8982728975e+06 
4.3050000000e-02 3.8990560724e+06 
4.3060000000e-02 3.8991789676e+06 
4.3150000000e-02 3.8999613427e+06 
4.3160000000e-02 3.9000840910e+06 
4.3250000000e-02 3.9008656572e+06 
4.3260000000e-02 3.9009882577e+06 
4.3350000000e-02 3.9017690151e+06 
4.3360000000e-02 3.9018914667e+06 
4.3450000000e-02 3.9026713972e+06 
4.3460000000e-02 3.9027937000e+06 
4.3550000000e-02 3.9035728216e+06 
4.3560000000e-02 3.9036949766e+06 
4.3650000000e-02 3.9044732804e+06 
4.3660000000e-02 3.9045952854e+06 
4.3750000000e-02 3.9053727534e+06 
4.3760000000e-02 3.9054946086e+06 
4.3850000000e-02 3.9062712587e+06 
4.3860000000e-02 3.9063929641e+06 
4.3950000000e-02 3.9071687873e+06 
4.3960000000e-02 3.9072903428e+06 
4.4050000000e-02 3.9080653303e+06 
4.4060000000e-02 3.9081867348e+06 
4.4150000000e-02 3.9089608865e+06 
4.4160000000e-02 3.9090821391e+06 
4.4250000000e-02 3.9098554549e+06 
4.4260000000e-02 3.9099765557e+06 
4.4350000000e-02 3.9107490357e+06 
4.4360000000e-02 3.9108699856e+06 
4.4450000000e-02 3.9116416118e+06 
4.4460000000e-02 3.9117624087e+06 
4.4550000000e-02 3.9125331991e+06 
4.4560000000e-02 3.9126538432e+06 
4.4650000000e-02 3.9134237797e+06 
4.4660000000e-02 3.9135442709e+06 
4.4750000000e-02 3.9143133627e+06 
4.4760000000e-02 3.9144337009e+06 
4.4850000000e-02 3.9152019389e+06 
4.4860000000e-02 3.9153221222e+06 
4.4950000000e-02 3.9160894973e+06 
4.4960000000e-02 3.9162095267e+06 
4.5050000000e-02 3.9169760481e+06 
4.5060000000e-02 3.9170959235e+06 
4.5150000000e-02 3.9178615732e+06 
4.5160000000e-02 3.9179812937e+06 
4.5250000000e-02 3.9187460895e+06 
4.5260000000e-02 3.9188656541e+06 
4.5350000000e-02 3.9196295781e+06 
4.5360000000e-02 3.9197489877e+06 
4.5450000000e-02 3.9205120400e+06 
4.5460000000e-02 3.9206312927e+06 
4.5550000000e-02 3.9213934822e+06 
4.5560000000e-02 3.9215125789e+06 
4.5650000000e-02 3.9222738786e+06 
4.5660000000e-02 3.9223928184e+06 
4.5750000000e-02 3.9231532463e+06 
4.5760000000e-02 3.9232720301e+06 
4.5850000000e-02 3.9240315773e+06 
4.5860000000e-02 3.9241502022e+06 
4.5950000000e-02 3.9249088686e+06 
4.5960000000e-02 3.9250273365e+06 
4.6050000000e-02 3.9257851132e+06 
4.6060000000e-02 3.9259034220e+06 
4.6150000000e-02 3.9266603090e+06 
4.6160000000e-02 3.9267784599e+06 
4.6250000000e-02 3.9275344571e+06 
4.6260000000e-02 3.9276524490e+06 
4.6350000000e-02 3.9284075565e+06 
4.6360000000e-02 3.9285253894e+06 
4.6450000000e-02 3.9292795891e+06 
4.6460000000e-02 3.9293972620e+06 
4.6550000000e-02 3.9301505720e+06 
4.6560000000e-02 3.9302680849e+06 
4.6650000000e-02 3.9310204872e+06 
4.6660000000e-02 3.9311378391e+06 
4.6750000000e-02 3.9318893427e+06 
4.6760000000e-02 3.9320065346e+06 
4.6850000000e-02 3.9327571214e+06 
4.6860000000e-02 3.9328741523e+06 
4.6950000000e-02 3.9336238314e+06 
4.6960000000e-02 3.9337407003e+06 
4.7050000000e-02 3.9344894716e+06 
4.7060000000e-02 3.9346061795e+06 
4.7150000000e-02 3.9353540342e+06 
4.7160000000e-02 3.9354705800e+06 
4.7250000000e-02 3.9362175090e+06 
4.7260000000e-02 3.9363338918e+06 
4.7350000000e-02 3.9370799041e+06 
4.7360000000e-02 3.9371961248e+06 
4.7450000000e-02 3.9379412204e+06 
4.7460000000e-02 3.9380572771e+06 
4.7550000000e-02 3.9388014380e+06 
4.7560000000e-02 3.9389173316e+06 
4.7650000000e-02 3.9396605668e+06 
4.7660000000e-02 3.9397762965e+06 
4.7750000000e-02 3.9405185970e+06 
4.7760000000e-02 3.9406341625e+06 
4.7850000000e-02 3.9413755373e+06 
4.7860000000e-02 3.9414909378e+06 
4.7950000000e-02 3.9422313690e+06 
4.7960000000e-02 3.9423466054e+06 
4.8050000000e-02 3.9430860929e+06 
4.8060000000e-02 3.9432011643e+06 
4.8150000000e-02 3.9439397171e+06 
4.8160000000e-02 3.9440546224e+06 
4.8250000000e-02 3.9447922315e+06 
4.8260000000e-02 3.9449069708e+06 
4.8350000000e-02 3.9456436272e+06 
4.8360000000e-02 3.9457582004e+06 
4.8450000000e-02 3.9464939132e+06 
4.8460000000e-02 3.9466083192e+06 
4.8550000000e-02 3.9473430794e+06 
4.8560000000e-02 3.9474573194e+06 
4.8650000000e-02 3.9481911268e+06 
4.8660000000e-02 3.9483051997e+06 
4.8750000000e-02 3.9490380456e+06 
4.8760000000e-02 3.9491519504e+06 
4.8850000000e-02 3.9498838346e+06 
4.8860000000e-02 3.9499975713e+06 
4.8950000000e-02 3.9507284938e+06 
4.8960000000e-02 3.9508420624e+06 
4.9050000000e-02 3.9515720143e+06 
4.9060000000e-02 3.9516854148e+06 
4.9150000000e-02 3.9524144051e+06 
4.9160000000e-02 3.9525276365e+06 
4.9250000000e-02 3.9532556561e+06 
4.9260000000e-02 3.9533687173e+06 
4.9350000000e-02 3.9540957663e+06 
4.9360000000e-02 3.9542086595e+06 
4.9450000000e-02 3.9549347289e+06 
4.9460000000e-02 3.9550474509e+06 
4.9550000000e-02 3.9557725496e+06 
4.9560000000e-02 3.9558851015e+06 
4.9650000000e-02 3.9566092116e+06 
4.9660000000e-02 3.9567215934e+06 
4.9750000000e-02 3.9574447239e+06 
4.9760000000e-02 3.9575569356e+06 
4.9850000000e-02 3.9582790775e+06 
4.9860000000e-02 3.9583911170e+06 
4.9950000000e-02 3.9591122792e+06 
4.9960000000e-02 3.9592241466e+06 
5.0050000000e-02 3.9599443113e+06 
5.0060000000e-02 3.9600560075e+06 
5.0150000000e-02 3.9607751746e+06 
5.0160000000e-02 3.9608866986e+06 
5.0250000000e-02 3.9616048771e+06 
5.0260000000e-02 3.9617148295e+06 
5.0350000000e-02 3.9624229961e+06 
5.0360000000e-02 3.9625379763e+06 
5.0460000000e-02 3.9632786411e+06 
5.0470000000e-02 3.9633988690e+06 
5.0570000000e-02 3.9641734610e+06 
5.0580000000e-02 3.9642991653e+06 
5.0680000000e-02 3.9651091944e+06 
5.0690000000e-02 3.9652406142e+06 
5.0800000000e-02 3.9660876172e+06 
5.0810000000e-02 3.9662249975e+06 
5.0920000000e-02 3.9671105832e+06 
5.0940000000e-02 3.9672541811e+06 
5.1050000000e-02 3.9681800391e+06 
5.1070000000e-02 3.9683301201e+06 
5.1190000000e-02 3.9692979670e+06 
5.1200000000e-02 3.9694548065e+06 
5.1330000000e-02 3.9704664666e+06 
5.1350000000e-02 3.9706303491e+06 
5.1480000000e-02 3.9716876829e+06 
5.1500000000e-02 3.9718589052e+06 
5.1640000000e-02 3.9729638449e+06 
5.1660000000e-02 3.9731427097e+06 
5.1800000000e-02 3.9742972686e+06 
5.1820000000e-02 3.9744840939e+06 
5.1970000000e-02 3.9756903390e+06 
5.1990000000e-02 3.9758854489e+06 
5.2160000000e-02 3.9771455281e+06 
5.2170000000e-02 3.9773492577e+06 
5.2340000000e-02 3.9786653820e+06 
5.2360000000e-02 3.9788780787e+06 
5.2540000000e-02 3.9802525309e+06 
5.2560000000e-02 3.9804745501e+06 
5.2750000000e-02 3.9819096938e+06 
5.2770000000e-02 3.9821414001e+06 
5.2970000000e-02 3.9836396439e+06 
5.2990000000e-02 3.9838814141e+06 
5.3190000000e-02 3.9854452654e+06 
5.3220000000e-02 3.9856974832e+06 
5.3430000000e-02 3.9873294856e+06 
5.3460000000e-02 3.9875925438e+06 
5.3680000000e-02 3.9892953125e+06 
5.3710000000e-02 3.9895696133e+06 
5.3940000000e-02 3.9913458446e+06 
5.3970000000e-02 3.9916317959e+06 
5.4210000000e-02 3.9934842129e+06 
5.4240000000e-02 3.9937822311e+06 
5.4500000000e-02 3.9957136199e+06 
5.4530000000e-02 3.9960241252e+06 
5.4800000000e-02 3.9980373167e+06 
5.4830000000e-02 3.9983607334e+06 
5.5110000000e-02 4.0004586037e+06 
5.5150000000e-02 4.0007953622e+06 
5.5440000000e-02 4.0029807961e+06 
5.5480000000e-02 4.0033313237e+06 
5.5790000000e-02 4.0056072511e+06 
5.5820000000e-02 4.0059719772e+06 
5.6150000000e-02 4.0083413011e+06 
5.6190000000e-02 4.0087206510e+06 
5.6530000000e-02 4.0111863103e+06 
5.6570000000e-02 4.0115807032e+06 
5.6920000000e-02 4.0141455557e+06 
5.6960000000e-02 4.0145554028e+06 
5.7340000000e-02 4.0172223156e+06 
5.7380000000e-02 4.0176480158e+06 
5.7770000000e-02 4.0204197570e+06 
5.7820000000e-02 4.0208616922e+06 
5.8230000000e-02 4.0237409489e+06 
5.8270000000e-02 4.0241994815e+06 
5.8700000000e-02 4.0271888242e+06 
5.8750000000e-02 4.0276642895e+06 
5.9200000000e-02 4.0307661177e+06 
5.9250000000e-02 4.0312588195e+06 
5.9720000000e-02 4.0344753711e+06 
5.9780000000e-02 4.0349855777e+06 
6.0270000000e-02 4.0383188210e+06 
6.0330000000e-02 4.0388467491e+06 
6.0840000000e-02 4.0422983916e+06 
6.0900000000e-02 4.0428442104e+06 
6.1440000000e-02 4.0464156003e+06 
6.1510000000e-02 4.0469794099e+06 
